             0	            -1	            -1	            -1
         0.002	     -0.995992	     -0.995992	     -0.995992
         0.004	     -0.991984	     -0.991984	     -0.991984
         0.006	     -0.987976	     -0.987976	     -0.987976
         0.008	     -0.983968	     -0.983968	     -0.983968
          0.01	      -0.97996	      -0.97996	      -0.97996
         0.012	     -0.975952	     -0.975952	     -0.975952
         0.014	     -0.971944	     -0.971944	     -0.971944
         0.016	     -0.967936	     -0.967936	     -0.967936
         0.018	     -0.963928	     -0.963928	     -0.963928
          0.02	      -0.95992	      -0.95992	      -0.95992
         0.022	     -0.955912	     -0.955912	     -0.955912
         0.024	     -0.951904	     -0.951904	     -0.951904
         0.026	     -0.947896	     -0.947896	     -0.947896
         0.028	     -0.943888	     -0.943888	     -0.943888
          0.03	      -0.93988	      -0.93988	      -0.93988
         0.032	     -0.935872	     -0.935872	     -0.935872
         0.034	     -0.931864	     -0.931864	     -0.931864
         0.036	     -0.927856	     -0.927856	     -0.927856
         0.038	     -0.923848	     -0.923848	     -0.923848
          0.04	      -0.91984	      -0.91984	      -0.91984
         0.042	     -0.915832	     -0.915832	     -0.915832
         0.044	     -0.911824	     -0.911824	     -0.911824
         0.046	     -0.907816	     -0.907816	     -0.907816
         0.048	     -0.903808	     -0.903808	     -0.903808
          0.05	       -0.8998	       -0.8998	       -0.8998
         0.052	     -0.895792	     -0.895792	     -0.895792
         0.054	     -0.891784	     -0.891784	     -0.891784
         0.056	     -0.887776	     -0.887776	     -0.887776
         0.058	     -0.883768	     -0.883768	     -0.883768
          0.06	      -0.87976	      -0.87976	      -0.87976
         0.062	     -0.875751	     -0.875751	     -0.875751
         0.064	     -0.871743	     -0.871743	     -0.871743
         0.066	     -0.867735	     -0.867735	     -0.867735
         0.068	     -0.863727	     -0.863727	     -0.863727
          0.07	     -0.859719	     -0.859719	     -0.859719
         0.072	     -0.855711	     -0.855711	     -0.855711
         0.074	     -0.851703	     -0.851703	     -0.851703
         0.076	     -0.847695	     -0.847695	     -0.847695
         0.078	     -0.843687	     -0.843687	     -0.843687
          0.08	     -0.839679	     -0.839679	     -0.839679
         0.082	     -0.835671	     -0.835671	     -0.835671
         0.084	     -0.831663	     -0.831663	     -0.831663
         0.086	     -0.827655	     -0.827655	     -0.827655
         0.088	     -0.823647	     -0.823647	     -0.823647
          0.09	     -0.819639	     -0.819639	     -0.819639
         0.092	     -0.815631	     -0.815631	     -0.815631
         0.094	     -0.811623	     -0.811623	     -0.811623
         0.096	     -0.807615	     -0.807615	     -0.807615
         0.098	     -0.803607	     -0.803607	     -0.803607
           0.1	     -0.799599	     -0.799599	     -0.799599
         0.102	     -0.795591	     -0.795591	     -0.795591
         0.104	     -0.791583	     -0.791583	     -0.791583
         0.106	     -0.787575	     -0.787575	     -0.787575
         0.108	     -0.783567	     -0.783567	     -0.783567
          0.11	     -0.779559	     -0.779559	     -0.779559
         0.112	     -0.775551	     -0.775551	     -0.775551
         0.114	     -0.771543	     -0.771543	     -0.771543
         0.116	     -0.767535	     -0.767535	     -0.767535
         0.118	     -0.763527	     -0.763527	     -0.763527
          0.12	     -0.759519	     -0.759519	     -0.759519
         0.122	     -0.755511	     -0.755511	     -0.755511
         0.124	     -0.751503	     -0.751503	     -0.751503
         0.126	     -0.747495	     -0.747495	     -0.747495
         0.128	     -0.743487	     -0.743487	     -0.743487
          0.13	     -0.739479	     -0.739479	     -0.739479
         0.132	     -0.735471	     -0.735471	     -0.735471
         0.134	     -0.731463	     -0.731463	     -0.731463
         0.136	     -0.727455	     -0.727455	     -0.727455
         0.138	     -0.723447	     -0.723447	     -0.723447
          0.14	     -0.719439	     -0.719439	     -0.719439
         0.142	     -0.715431	     -0.715431	     -0.715431
         0.144	     -0.711423	     -0.711423	     -0.711423
         0.146	     -0.707415	     -0.707415	     -0.707415
         0.148	     -0.703407	     -0.703407	     -0.703407
          0.15	     -0.699399	     -0.699399	     -0.699399
         0.152	     -0.695391	     -0.695391	     -0.695391
         0.154	     -0.691383	     -0.691383	     -0.691383
         0.156	     -0.687375	     -0.687375	     -0.687375
         0.158	     -0.683367	     -0.683367	     -0.683367
          0.16	     -0.679359	     -0.679359	     -0.679359
         0.162	     -0.675351	     -0.675351	     -0.675351
         0.164	     -0.671343	     -0.671343	     -0.671343
         0.166	     -0.667335	     -0.667335	     -0.667335
         0.168	     -0.663327	     -0.663327	     -0.663327
          0.17	     -0.659319	     -0.659319	     -0.659319
         0.172	     -0.655311	     -0.655311	     -0.655311
         0.174	     -0.651303	     -0.651303	     -0.651303
         0.176	     -0.647295	     -0.647295	     -0.647295
         0.178	     -0.643287	     -0.643287	     -0.643287
          0.18	     -0.639279	     -0.639279	     -0.639279
         0.182	     -0.635271	     -0.635271	     -0.635271
         0.184	     -0.631263	     -0.631263	     -0.631263
         0.186	     -0.627254	     -0.627254	     -0.627254
         0.188	     -0.623246	     -0.623246	     -0.623246
          0.19	     -0.619238	     -0.619238	     -0.619238
         0.192	      -0.61523	      -0.61523	      -0.61523
         0.194	     -0.611222	     -0.611222	     -0.611222
         0.196	     -0.607214	     -0.607214	     -0.607214
         0.198	     -0.603206	     -0.603206	     -0.603206
           0.2	     -0.599198	     -0.599198	     -0.599198
         0.202	      -0.59519	      -0.59519	      -0.59519
         0.204	     -0.591182	     -0.591182	     -0.591182
         0.206	     -0.587174	     -0.587174	     -0.587174
         0.208	     -0.583166	     -0.583166	     -0.583166
          0.21	     -0.579158	     -0.579158	     -0.579158
         0.212	      -0.57515	      -0.57515	      -0.57515
         0.214	     -0.571142	     -0.571142	     -0.571142
         0.216	     -0.567134	     -0.567134	     -0.567134
         0.218	     -0.563126	     -0.563126	     -0.563126
          0.22	     -0.559118	     -0.559118	     -0.559118
         0.222	      -0.55511	      -0.55511	      -0.55511
         0.224	     -0.551102	     -0.551102	     -0.551102
         0.226	     -0.547094	     -0.547094	     -0.547094
         0.228	     -0.543086	     -0.543086	     -0.543086
          0.23	     -0.539078	     -0.539078	     -0.539078
         0.232	      -0.53507	      -0.53507	      -0.53507
         0.234	     -0.531062	     -0.531062	     -0.531062
         0.236	     -0.527054	     -0.527054	     -0.527054
         0.238	     -0.523046	     -0.523046	     -0.523046
          0.24	     -0.519038	     -0.519038	     -0.519038
         0.242	      -0.51503	      -0.51503	      -0.51503
         0.244	     -0.511022	     -0.511022	     -0.511022
         0.246	     -0.507014	     -0.507014	     -0.507014
         0.248	     -0.503006	     -0.503006	     -0.503006
          0.25	     -0.498998	     -0.498998	     -0.498998
         0.252	      -0.49499	      -0.49499	      -0.49499
         0.254	     -0.490982	     -0.490982	     -0.490982
         0.256	     -0.486974	     -0.486974	     -0.486974
         0.258	     -0.482966	     -0.482966	     -0.482966
          0.26	     -0.478958	     -0.478958	     -0.478958
         0.262	      -0.47495	      -0.47495	      -0.47495
         0.264	     -0.470942	     -0.470942	     -0.470942
         0.266	     -0.466934	     -0.466934	     -0.466934
         0.268	     -0.462926	     -0.462926	     -0.462926
          0.27	     -0.458918	     -0.458918	     -0.458918
         0.272	      -0.45491	      -0.45491	      -0.45491
         0.274	     -0.450902	     -0.450902	     -0.450902
         0.276	     -0.446894	     -0.446894	     -0.446894
         0.278	     -0.442886	     -0.442886	     -0.442886
          0.28	     -0.438878	     -0.438878	     -0.438878
         0.282	      -0.43487	      -0.43487	      -0.43487
         0.284	     -0.430862	     -0.430862	     -0.430862
         0.286	     -0.426854	     -0.426854	     -0.426854
         0.288	     -0.422846	     -0.422846	     -0.422846
          0.29	     -0.418838	     -0.418838	     -0.418838
         0.292	      -0.41483	      -0.41483	      -0.41483
         0.294	     -0.410822	     -0.410822	     -0.410822
         0.296	     -0.406814	     -0.406814	     -0.406814
         0.298	     -0.402806	     -0.402806	     -0.402806
           0.3	     -0.398798	     -0.398798	     -0.398798
         0.302	      -0.39479	      -0.39479	      -0.39479
         0.304	     -0.390782	     -0.390782	     -0.390782
         0.306	     -0.386774	     -0.386774	     -0.386774
         0.308	     -0.382766	     -0.382766	     -0.382766
          0.31	     -0.378757	     -0.378757	     -0.378757
         0.312	     -0.374749	     -0.374749	     -0.374749
         0.314	     -0.370741	     -0.370741	     -0.370741
         0.316	     -0.366733	     -0.366733	     -0.366733
         0.318	     -0.362725	     -0.362725	     -0.362725
          0.32	     -0.358717	     -0.358717	     -0.358717
         0.322	     -0.354709	     -0.354709	     -0.354709
         0.324	     -0.350701	     -0.350701	     -0.350701
         0.326	     -0.346693	     -0.346693	     -0.346693
         0.328	     -0.342685	     -0.342685	     -0.342685
          0.33	     -0.338677	     -0.338677	     -0.338677
         0.332	     -0.334669	     -0.334669	     -0.334669
         0.334	     -0.330661	     -0.330661	     -0.330661
         0.336	     -0.326653	     -0.326653	     -0.326653
         0.338	     -0.322645	     -0.322645	     -0.322645
          0.34	     -0.318637	     -0.318637	     -0.318637
         0.342	     -0.314629	     -0.314629	     -0.314629
         0.344	     -0.310621	     -0.310621	     -0.310621
         0.346	     -0.306613	     -0.306613	     -0.306613
         0.348	     -0.302605	     -0.302605	     -0.302605
          0.35	     -0.298597	     -0.298597	     -0.298597
         0.352	     -0.294589	     -0.294589	     -0.294589
         0.354	     -0.290581	     -0.290581	     -0.290581
         0.356	     -0.286573	     -0.286573	     -0.286573
         0.358	     -0.282565	     -0.282565	     -0.282565
          0.36	     -0.278557	     -0.278557	     -0.278557
         0.362	     -0.274549	     -0.274549	     -0.274549
         0.364	     -0.270541	     -0.270541	     -0.270541
         0.366	     -0.266533	     -0.266533	     -0.266533
         0.368	     -0.262525	     -0.262525	     -0.262525
          0.37	     -0.258517	     -0.258517	     -0.258517
         0.372	     -0.254509	     -0.254509	     -0.254509
         0.374	     -0.250501	     -0.250501	     -0.250501
         0.376	     -0.246493	     -0.246493	     -0.246493
         0.378	     -0.242485	     -0.242485	     -0.242485
          0.38	     -0.238477	     -0.238477	     -0.238477
         0.382	     -0.234469	     -0.234469	     -0.234469
         0.384	     -0.230461	     -0.230461	     -0.230461
         0.386	     -0.226453	     -0.226453	     -0.226453
         0.388	     -0.222445	     -0.222445	     -0.222445
          0.39	     -0.218437	     -0.218437	     -0.218437
         0.392	     -0.214429	     -0.214429	     -0.214429
         0.394	     -0.210421	     -0.210421	     -0.210421
         0.396	     -0.206413	     -0.206413	     -0.206413
         0.398	     -0.202405	     -0.202405	     -0.202405
           0.4	     -0.198397	     -0.198397	     -0.198397
         0.402	     -0.194389	     -0.194389	     -0.194389
         0.404	     -0.190381	     -0.190381	     -0.190381
         0.406	     -0.186373	     -0.186373	     -0.186373
         0.408	     -0.182365	     -0.182365	     -0.182365
          0.41	     -0.178357	     -0.178357	     -0.178357
         0.412	     -0.174349	     -0.174349	     -0.174349
         0.414	     -0.170341	     -0.170341	     -0.170341
         0.416	     -0.166333	     -0.166333	     -0.166333
         0.418	     -0.162325	     -0.162325	     -0.162325
          0.42	     -0.158317	     -0.158317	     -0.158317
         0.422	     -0.154309	     -0.154309	     -0.154309
         0.424	     -0.150301	     -0.150301	     -0.150301
         0.426	     -0.146293	     -0.146293	     -0.146293
         0.428	     -0.142285	     -0.142285	     -0.142285
          0.43	     -0.138277	     -0.138277	     -0.138277
         0.432	     -0.134268	     -0.134268	     -0.134268
         0.434	      -0.13026	      -0.13026	      -0.13026
         0.436	     -0.126252	     -0.126252	     -0.126252
         0.438	     -0.122244	     -0.122244	     -0.122244
          0.44	     -0.118236	     -0.118236	     -0.118236
         0.442	     -0.114228	     -0.114228	     -0.114228
         0.444	      -0.11022	      -0.11022	      -0.11022
         0.446	     -0.106212	     -0.106212	     -0.106212
         0.448	     -0.102204	     -0.102204	     -0.102204
          0.45	    -0.0981963	    -0.0981963	    -0.0981963
         0.452	    -0.0941883	    -0.0941883	    -0.0941883
         0.454	    -0.0901803	    -0.0901803	    -0.0901803
         0.456	    -0.0861723	    -0.0861723	    -0.0861723
         0.458	    -0.0821643	    -0.0821643	    -0.0821643
          0.46	    -0.0781563	    -0.0781563	    -0.0781563
         0.462	    -0.0741483	    -0.0741483	    -0.0741483
         0.464	    -0.0701402	    -0.0701402	    -0.0701402
         0.466	    -0.0661322	    -0.0661322	    -0.0661322
         0.468	    -0.0621242	    -0.0621242	    -0.0621242
          0.47	    -0.0581162	    -0.0581162	    -0.0581162
         0.472	    -0.0541082	    -0.0541082	    -0.0541082
         0.474	    -0.0501002	    -0.0501002	    -0.0501002
         0.476	    -0.0460921	    -0.0460921	    -0.0460921
         0.478	    -0.0420841	    -0.0420841	    -0.0420841
          0.48	    -0.0380761	    -0.0380761	    -0.0380761
         0.482	    -0.0340681	    -0.0340681	    -0.0340681
         0.484	    -0.0300601	    -0.0300601	    -0.0300601
         0.486	    -0.0260521	    -0.0260521	    -0.0260521
         0.488	     -0.022044	     -0.022044	     -0.022044
          0.49	     -0.018036	     -0.018036	     -0.018036
         0.492	     -0.014028	     -0.014028	     -0.014028
         0.494	      -0.01002	      -0.01002	      -0.01002
         0.496	   -0.00601198	   -0.00601198	   -0.00601198
         0.498	   -0.00200396	   -0.00200396	   -0.00200396
           0.5	    0.00200406	    0.00200406	    0.00200406
         0.502	    0.00601207	    0.00601207	    0.00601207
         0.504	     0.0100201	     0.0100201	     0.0100201
         0.506	     0.0140281	     0.0140281	     0.0140281
         0.508	     0.0180361	     0.0180361	     0.0180361
          0.51	     0.0220441	     0.0220441	     0.0220441
         0.512	     0.0260522	     0.0260522	     0.0260522
         0.514	     0.0300602	     0.0300602	     0.0300602
         0.516	     0.0340682	     0.0340682	     0.0340682
         0.518	     0.0380762	     0.0380762	     0.0380762
          0.52	     0.0420842	     0.0420842	     0.0420842
         0.522	     0.0460922	     0.0460922	     0.0460922
         0.524	     0.0501003	     0.0501003	     0.0501003
         0.526	     0.0541083	     0.0541083	     0.0541083
         0.528	     0.0581163	     0.0581163	     0.0581163
          0.53	     0.0621243	     0.0621243	     0.0621243
         0.532	     0.0661323	     0.0661323	     0.0661323
         0.534	     0.0701403	     0.0701403	     0.0701403
         0.536	     0.0741483	     0.0741483	     0.0741483
         0.538	     0.0781564	     0.0781564	     0.0781564
          0.54	     0.0821644	     0.0821644	     0.0821644
         0.542	     0.0861724	     0.0861724	     0.0861724
         0.544	     0.0901804	     0.0901804	     0.0901804
         0.546	     0.0941884	     0.0941884	     0.0941884
         0.548	     0.0981964	     0.0981964	     0.0981964
          0.55	      0.102204	      0.102204	      0.102204
         0.552	      0.106212	      0.106212	      0.106212
         0.554	       0.11022	       0.11022	       0.11022
         0.556	      0.114229	      0.114229	      0.114229
         0.558	      0.118237	      0.118237	      0.118237
          0.56	      0.122245	      0.122245	      0.122245
         0.562	      0.126253	      0.126253	      0.126253
         0.564	      0.130261	      0.130261	      0.130261
         0.566	      0.134269	      0.134269	      0.134269
         0.568	      0.138277	      0.138277	      0.138277
          0.57	      0.142285	      0.142285	      0.142285
         0.572	      0.146293	      0.146293	      0.146293
         0.574	      0.150301	      0.150301	      0.150301
         0.576	      0.154309	      0.154309	      0.154309
         0.578	      0.158317	      0.158317	      0.158317
          0.58	      0.162325	      0.162325	      0.162325
         0.582	      0.166333	      0.166333	      0.166333
         0.584	      0.170341	      0.170341	      0.170341
         0.586	      0.174349	      0.174349	      0.174349
         0.588	      0.178357	      0.178357	      0.178357
          0.59	      0.182365	      0.182365	      0.182365
         0.592	      0.186373	      0.186373	      0.186373
         0.594	      0.190381	      0.190381	      0.190381
         0.596	      0.194389	      0.194389	      0.194389
         0.598	      0.198397	      0.198397	      0.198397
           0.6	      0.202405	      0.202405	      0.202405
         0.602	      0.206413	      0.206413	      0.206413
         0.604	      0.210421	      0.210421	      0.210421
         0.606	      0.214429	      0.214429	      0.214429
         0.608	      0.218437	      0.218437	      0.218437
          0.61	      0.222445	      0.222445	      0.222445
         0.612	      0.226453	      0.226453	      0.226453
         0.614	      0.230461	      0.230461	      0.230461
         0.616	      0.234469	      0.234469	      0.234469
         0.618	      0.238477	      0.238477	      0.238477
          0.62	      0.242485	      0.242485	      0.242485
         0.622	      0.246493	      0.246493	      0.246493
         0.624	      0.250501	      0.250501	      0.250501
         0.626	      0.254509	      0.254509	      0.254509
         0.628	      0.258517	      0.258517	      0.258517
          0.63	      0.262525	      0.262525	      0.262525
         0.632	      0.266533	      0.266533	      0.266533
         0.634	      0.270541	      0.270541	      0.270541
         0.636	      0.274549	      0.274549	      0.274549
         0.638	      0.278557	      0.278557	      0.278557
          0.64	      0.282565	      0.282565	      0.282565
         0.642	      0.286573	      0.286573	      0.286573
         0.644	      0.290581	      0.290581	      0.290581
         0.646	      0.294589	      0.294589	      0.294589
         0.648	      0.298597	      0.298597	      0.298597
          0.65	      0.302605	      0.302605	      0.302605
         0.652	      0.306613	      0.306613	      0.306613
         0.654	      0.310621	      0.310621	      0.310621
         0.656	      0.314629	      0.314629	      0.314629
         0.658	      0.318637	      0.318637	      0.318637
          0.66	      0.322645	      0.322645	      0.322645
         0.662	      0.326653	      0.326653	      0.326653
         0.664	      0.330661	      0.330661	      0.330661
         0.666	      0.334669	      0.334669	      0.334669
         0.668	      0.338677	      0.338677	      0.338677
          0.67	      0.342685	      0.342685	      0.342685
         0.672	      0.346693	      0.346693	      0.346693
         0.674	      0.350701	      0.350701	      0.350701
         0.676	      0.354709	      0.354709	      0.354709
         0.678	      0.358717	      0.358717	      0.358717
          0.68	      0.362726	      0.362726	      0.362726
         0.682	      0.366734	      0.366734	      0.366734
         0.684	      0.370742	      0.370742	      0.370742
         0.686	       0.37475	       0.37475	       0.37475
         0.688	      0.378758	      0.378758	      0.378758
          0.69	      0.382766	      0.382766	      0.382766
         0.692	      0.386774	      0.386774	      0.386774
         0.694	      0.390782	      0.390782	      0.390782
         0.696	       0.39479	       0.39479	       0.39479
         0.698	      0.398798	      0.398798	      0.398798
           0.7	      0.402806	      0.402806	      0.402806
         0.702	      0.406814	      0.406814	      0.406814
         0.704	      0.410822	      0.410822	      0.410822
         0.706	       0.41483	       0.41483	       0.41483
         0.708	      0.418838	      0.418838	      0.418838
          0.71	      0.422846	      0.422846	      0.422846
         0.712	      0.426854	      0.426854	      0.426854
         0.714	      0.430862	      0.430862	      0.430862
         0.716	       0.43487	       0.43487	       0.43487
         0.718	      0.438878	      0.438878	      0.438878
          0.72	      0.442886	      0.442886	      0.442886
         0.722	      0.446894	      0.446894	      0.446894
         0.724	      0.450902	      0.450902	      0.450902
         0.726	       0.45491	       0.45491	       0.45491
         0.728	      0.458918	      0.458918	      0.458918
          0.73	      0.462926	      0.462926	      0.462926
         0.732	      0.466934	      0.466934	      0.466934
         0.734	      0.470942	      0.470942	      0.470942
         0.736	       0.47495	       0.47495	       0.47495
         0.738	      0.478958	      0.478958	      0.478958
          0.74	      0.482966	      0.482966	      0.482966
         0.742	      0.486974	      0.486974	      0.486974
         0.744	      0.490982	      0.490982	      0.490982
         0.746	       0.49499	       0.49499	       0.49499
         0.748	      0.498998	      0.498998	      0.498998
          0.75	      0.503006	      0.503006	      0.503006
         0.752	      0.507014	      0.507014	      0.507014
         0.754	      0.511022	      0.511022	      0.511022
         0.756	       0.51503	       0.51503	       0.51503
         0.758	      0.519038	      0.519038	      0.519038
          0.76	      0.523046	      0.523046	      0.523046
         0.762	      0.527054	      0.527054	      0.527054
         0.764	      0.531062	      0.531062	      0.531062
         0.766	       0.53507	       0.53507	       0.53507
         0.768	      0.539078	      0.539078	      0.539078
          0.77	      0.543086	      0.543086	      0.543086
         0.772	      0.547094	      0.547094	      0.547094
         0.774	      0.551102	      0.551102	      0.551102
         0.776	       0.55511	       0.55511	       0.55511
         0.778	      0.559118	      0.559118	      0.559118
          0.78	      0.563126	      0.563126	      0.563126
         0.782	      0.567134	      0.567134	      0.567134
         0.784	      0.571142	      0.571142	      0.571142
         0.786	       0.57515	       0.57515	       0.57515
         0.788	      0.579158	      0.579158	      0.579158
          0.79	      0.583166	      0.583166	      0.583166
         0.792	      0.587174	      0.587174	      0.587174
         0.794	      0.591182	      0.591182	      0.591182
         0.796	       0.59519	       0.59519	       0.59519
         0.798	      0.599198	      0.599198	      0.599198
           0.8	      0.603206	      0.603206	      0.603206
         0.802	      0.607215	      0.607215	      0.607215
         0.804	      0.611223	      0.611223	      0.611223
         0.806	      0.615231	      0.615231	      0.615231
         0.808	      0.619239	      0.619239	      0.619239
          0.81	      0.623247	      0.623247	      0.623247
         0.812	      0.627255	      0.627255	      0.627255
         0.814	      0.631263	      0.631263	      0.631263
         0.816	      0.635271	      0.635271	      0.635271
         0.818	      0.639279	      0.639279	      0.639279
          0.82	      0.643287	      0.643287	      0.643287
         0.822	      0.647295	      0.647295	      0.647295
         0.824	      0.651303	      0.651303	      0.651303
         0.826	      0.655311	      0.655311	      0.655311
         0.828	      0.659319	      0.659319	      0.659319
          0.83	      0.663327	      0.663327	      0.663327
         0.832	      0.667335	      0.667335	      0.667335
         0.834	      0.671343	      0.671343	      0.671343
         0.836	      0.675351	      0.675351	      0.675351
         0.838	      0.679359	      0.679359	      0.679359
          0.84	      0.683367	      0.683367	      0.683367
         0.842	      0.687375	      0.687375	      0.687375
         0.844	      0.691383	      0.691383	      0.691383
         0.846	      0.695391	      0.695391	      0.695391
         0.848	      0.699399	      0.699399	      0.699399
          0.85	      0.703407	      0.703407	      0.703407
         0.852	      0.707415	      0.707415	      0.707415
         0.854	      0.711423	      0.711423	      0.711423
         0.856	      0.715431	      0.715431	      0.715431
         0.858	      0.719439	      0.719439	      0.719439
          0.86	      0.723447	      0.723447	      0.723447
         0.862	      0.727455	      0.727455	      0.727455
         0.864	      0.731463	      0.731463	      0.731463
         0.866	      0.735471	      0.735471	      0.735471
         0.868	      0.739479	      0.739479	      0.739479
          0.87	      0.743487	      0.743487	      0.743487
         0.872	      0.747495	      0.747495	      0.747495
         0.874	      0.751503	      0.751503	      0.751503
         0.876	      0.755511	      0.755511	      0.755511
         0.878	      0.759519	      0.759519	      0.759519
          0.88	      0.763527	      0.763527	      0.763527
         0.882	      0.767535	      0.767535	      0.767535
         0.884	      0.771543	      0.771543	      0.771543
         0.886	      0.775551	      0.775551	      0.775551
         0.888	      0.779559	      0.779559	      0.779559
          0.89	      0.783567	      0.783567	      0.783567
         0.892	      0.787575	      0.787575	      0.787575
         0.894	      0.791583	      0.791583	      0.791583
         0.896	      0.795591	      0.795591	      0.795591
         0.898	      0.799599	      0.799599	      0.799599
           0.9	      0.803607	      0.803607	      0.803607
         0.902	      0.807615	      0.807615	      0.807615
         0.904	      0.811623	      0.811623	      0.811623
         0.906	      0.815631	      0.815631	      0.815631
         0.908	      0.819639	      0.819639	      0.819639
          0.91	      0.823647	      0.823647	      0.823647
         0.912	      0.827655	      0.827655	      0.827655
         0.914	      0.831663	      0.831663	      0.831663
         0.916	      0.835671	      0.835671	      0.835671
         0.918	      0.839679	      0.839679	      0.839679
          0.92	      0.843687	      0.843687	      0.843687
         0.922	      0.847695	      0.847695	      0.847695
         0.924	      0.851703	      0.851703	      0.851703
         0.926	      0.855712	      0.855712	      0.855712
         0.928	       0.85972	       0.85972	       0.85972
          0.93	      0.863728	      0.863728	      0.863728
         0.932	      0.867736	      0.867736	      0.867736
         0.934	      0.871744	      0.871744	      0.871744
         0.936	      0.875752	      0.875752	      0.875752
         0.938	       0.87976	       0.87976	       0.87976
          0.94	      0.883768	      0.883768	      0.883768
         0.942	      0.887776	      0.887776	      0.887776
         0.944	      0.891784	      0.891784	      0.891784
         0.946	      0.895792	      0.895792	      0.895792
         0.948	        0.8998	        0.8998	        0.8998
          0.95	      0.903808	      0.903808	      0.903808
         0.952	      0.907816	      0.907816	      0.907816
         0.954	      0.911824	      0.911824	      0.911824
         0.956	      0.915832	      0.915832	      0.915832
         0.958	       0.91984	       0.91984	       0.91984
          0.96	      0.923848	      0.923848	      0.923848
         0.962	      0.927856	      0.927856	      0.927856
         0.964	      0.931864	      0.931864	      0.931864
         0.966	      0.935872	      0.935872	      0.935872
         0.968	       0.93988	       0.93988	       0.93988
          0.97	      0.943888	      0.943888	      0.943888
         0.972	      0.947896	      0.947896	      0.947896
         0.974	      0.951904	      0.951904	      0.951904
         0.976	      0.955912	      0.955912	      0.955912
         0.978	       0.95992	       0.95992	       0.95992
          0.98	      0.963928	      0.963928	      0.963928
         0.982	      0.967936	      0.967936	      0.967936
         0.984	      0.971944	      0.971944	      0.971944
         0.986	      0.975952	      0.975952	      0.975952
         0.988	       0.97996	       0.97996	       0.97996
          0.99	      0.983968	      0.983968	      0.983968
         0.992	      0.987976	      0.987976	      0.987976
         0.994	      0.991984	      0.991984	      0.991984
         0.996	      0.995992	      0.995992	      0.995992
         0.998	             1	             1	             1
