             0	    -0.0229259	      0.615293	       26.4069
         0.002	    -0.0151858	       0.61542	       25.3954
         0.004	   -0.00744946	      0.615339	       24.3863
         0.006	   0.000277821	      0.615052	       23.3817
         0.008	    0.00799084	      0.614561	       22.3834
          0.01	     0.0156846	      0.613871	       21.3933
         0.012	     0.0233541	      0.612984	        20.413
         0.014	     0.0309948	      0.611904	       19.4439
         0.016	      0.038602	      0.610635	       18.4876
         0.018	     0.0461715	       0.60918	       17.5452
          0.02	      0.053699	      0.607545	       16.6179
         0.022	     0.0611806	      0.605733	       15.7068
         0.024	     0.0686124	      0.603748	       14.8126
         0.026	     0.0759909	      0.601595	       13.9364
         0.028	     0.0833125	      0.599278	       13.0787
          0.03	     0.0905741	      0.596802	       12.2402
         0.032	     0.0977725	      0.594171	       11.4214
         0.034	      0.104905	       0.59139	       10.6228
         0.036	      0.111968	      0.588463	       9.84478
         0.038	       0.11896	      0.585394	       9.08762
          0.04	      0.125879	      0.582188	       8.35156
         0.042	      0.132721	      0.578849	       7.63678
         0.044	      0.139485	      0.575381	       6.94338
         0.046	      0.146168	      0.571789	       6.27144
         0.048	      0.152769	      0.568077	       5.62096
          0.05	      0.159287	      0.564248	       4.99192
         0.052	      0.165719	      0.560306	       4.38425
         0.054	      0.172064	      0.556256	       3.79783
         0.056	       0.17832	      0.552102	       3.23253
         0.058	      0.184487	      0.547846	       2.68816
          0.06	      0.190563	      0.543493	       2.16453
         0.062	      0.196547	      0.539046	       1.66142
         0.064	      0.202438	      0.534509	       1.17856
         0.066	      0.208235	      0.529885	      0.715686
         0.068	      0.213937	      0.525177	      0.272516
          0.07	      0.219543	      0.520389	      -0.15126
         0.072	      0.225053	      0.515524	      -0.55596
         0.074	      0.230466	      0.510584	     -0.941917
         0.076	      0.235782	      0.505573	      -1.30947
         0.078	      0.240999	      0.500494	      -1.65898
          0.08	      0.246118	       0.49535	       -1.9908
         0.082	      0.251138	      0.490143	       -2.3053
         0.084	      0.256058	      0.484876	      -2.60285
         0.086	      0.260879	      0.479552	      -2.88383
         0.088	        0.2656	      0.474174	      -3.14862
          0.09	      0.270221	      0.468743	       -3.3976
         0.092	      0.274741	      0.463263	      -3.63116
         0.094	      0.279161	      0.457735	      -3.84967
         0.096	       0.28348	      0.452163	      -4.05354
         0.098	      0.287698	      0.446547	      -4.24314
           0.1	      0.291815	      0.440892	      -4.41886
         0.102	      0.295832	      0.435198	      -4.58108
         0.104	      0.299747	      0.429469	      -4.73018
         0.106	      0.303562	      0.423706	      -4.86653
         0.108	      0.307276	       0.41791	      -4.99053
          0.11	      0.310889	      0.412085	      -5.10253
         0.112	      0.314401	      0.406233	       -5.2029
         0.114	      0.317813	      0.400354	      -5.29201
         0.116	      0.321124	      0.394452	      -5.37022
         0.118	      0.324335	      0.388527	      -5.43788
          0.12	      0.327445	      0.382582	      -5.49535
         0.122	      0.330456	      0.376619	      -5.54297
         0.124	      0.333366	      0.370639	      -5.58108
         0.126	      0.336177	      0.364645	      -5.61001
         0.128	      0.338889	      0.358637	       -5.6301
          0.13	      0.341502	      0.352618	      -5.64166
         0.132	      0.344016	      0.346589	      -5.64503
         0.134	      0.346431	      0.340552	       -5.6405
         0.136	      0.348748	      0.334508	      -5.62839
         0.138	      0.350966	       0.32846	        -5.609
          0.14	      0.353088	      0.322408	      -5.58263
         0.142	      0.355112	      0.316355	      -5.54956
         0.144	      0.357039	      0.310301	      -5.51008
         0.146	      0.358869	      0.304249	      -5.46446
         0.148	      0.360603	      0.298199	      -5.41298
          0.15	      0.362242	      0.292154	       -5.3559
         0.152	      0.363785	      0.286115	      -5.29348
         0.154	      0.365233	      0.280083	      -5.22597
         0.156	      0.366587	       0.27406	      -5.15363
         0.158	      0.367846	      0.268047	       -5.0767
          0.16	      0.369012	      0.262045	      -4.99541
         0.162	      0.370085	      0.256057	      -4.90999
         0.164	      0.371066	      0.250083	      -4.82067
         0.166	      0.371954	      0.244124	      -4.72766
         0.168	      0.372751	      0.238183	      -4.63119
          0.17	      0.373456	       0.23226	      -4.53146
         0.172	      0.374072	      0.226357	      -4.42867
         0.174	      0.374597	      0.220475	      -4.32302
         0.176	      0.375034	      0.214616	       -4.2147
         0.178	      0.375381	       0.20878	       -4.1039
          0.18	      0.375641	      0.202969	      -3.99081
         0.182	      0.375813	      0.197185	      -3.87559
         0.184	      0.375899	      0.191428	      -3.75843
         0.186	      0.375898	        0.1857	      -3.63948
         0.188	      0.375812	      0.180002	      -3.51892
          0.19	      0.375642	      0.174335	      -3.39689
         0.192	      0.375387	        0.1687	      -3.27356
         0.194	       0.37505	        0.1631	      -3.14907
         0.196	      0.374629	      0.157534	      -3.02357
         0.198	      0.374127	      0.152004	      -2.89719
           0.2	      0.373545	      0.146511	      -2.77008
         0.202	      0.372882	      0.141057	      -2.64236
         0.204	       0.37214	      0.135642	      -2.51416
         0.206	      0.371319	      0.130268	      -2.38561
         0.208	      0.370421	      0.124936	      -2.25683
          0.21	      0.369445	      0.119646	      -2.12793
         0.212	      0.368394	      0.114401	      -1.99902
         0.214	      0.367268	        0.1092	      -1.87022
         0.216	      0.366068	      0.104045	      -1.74162
         0.218	      0.364795	     0.0989381	      -1.61334
          0.22	      0.363449	     0.0938788	      -1.48547
         0.222	      0.362033	     0.0888687	       -1.3581
         0.224	      0.360545	     0.0839088	      -1.23133
         0.226	      0.358989	         0.079	      -1.10525
         0.228	      0.357364	     0.0741433	     -0.979933
          0.23	      0.355672	     0.0693397	     -0.855474
         0.232	      0.353913	     0.0645902	     -0.731948
         0.234	      0.352089	     0.0598956	     -0.609432
         0.236	      0.350201	     0.0552569	     -0.488002
         0.238	       0.34825	     0.0506749	     -0.367728
          0.24	      0.346237	     0.0461505	     -0.248678
         0.242	      0.344163	     0.0416846	      -0.13092
         0.244	      0.342029	     0.0372781	    -0.0145159
         0.246	      0.339836	     0.0329317	      0.100473
         0.248	      0.337586	     0.0286462	      0.213987
          0.25	      0.335279	     0.0244225	      0.325971
         0.252	      0.332917	     0.0202613	      0.436371
         0.254	      0.330501	     0.0161634	      0.545135
         0.256	      0.328032	     0.0121295	      0.652214
         0.258	      0.325512	    0.00816025	      0.757559
          0.26	      0.322941	    0.00425642	      0.861127
         0.262	       0.32032	   0.000418661	      0.962875
         0.264	      0.317652	   -0.00335238	       1.06276
         0.266	      0.314937	   -0.00705606	       1.16074
         0.268	      0.312176	    -0.0106918	       1.25679
          0.27	      0.309371	    -0.0142589	       1.35086
         0.272	      0.306524	     -0.017757	       1.44293
         0.274	      0.303634	    -0.0211853	       1.53295
         0.276	      0.300704	    -0.0245434	       1.62091
         0.278	      0.297735	    -0.0278309	       1.70677
          0.28	      0.294729	    -0.0310471	        1.7905
         0.282	      0.291685	    -0.0341917	       1.87209
         0.284	      0.288607	    -0.0372642	       1.95151
         0.286	      0.285495	    -0.0402642	       2.02873
         0.288	      0.282351	    -0.0431912	       2.10374
          0.29	      0.279175	     -0.046045	       2.17651
         0.292	       0.27597	    -0.0488252	       2.24704
         0.294	      0.272736	    -0.0515314	        2.3153
         0.296	      0.269476	    -0.0541633	       2.38128
         0.298	       0.26619	    -0.0567207	       2.44496
           0.3	      0.262879	    -0.0592034	       2.50634
         0.302	      0.259546	     -0.061611	       2.56541
         0.304	      0.256191	    -0.0639433	       2.62215
         0.306	      0.252817	    -0.0662003	       2.67656
         0.308	      0.249423	    -0.0683816	       2.72863
          0.31	      0.246012	    -0.0704873	       2.77836
         0.312	      0.242586	    -0.0725172	       2.82574
         0.314	      0.239145	    -0.0744711	       2.87076
         0.316	       0.23569	     -0.076349	       2.91344
         0.318	      0.232224	     -0.078151	       2.95376
          0.32	      0.228748	    -0.0798769	       2.99172
         0.322	      0.225263	    -0.0815268	       3.02733
         0.324	       0.22177	    -0.0831006	       3.06059
         0.326	      0.218272	    -0.0845986	       3.09151
         0.328	      0.214768	    -0.0860207	       3.12008
          0.33	      0.211261	    -0.0873671	       3.14631
         0.332	      0.207753	    -0.0886379	       3.17021
         0.334	      0.204243	    -0.0898332	       3.19178
         0.336	      0.200735	    -0.0909532	       3.21104
         0.338	      0.197229	    -0.0919981	       3.22799
          0.34	      0.193726	    -0.0929682	       3.24264
         0.342	      0.190229	    -0.0938638	       3.25501
         0.344	      0.186738	    -0.0946849	       3.26509
         0.346	      0.183254	    -0.0954321	       3.27292
         0.348	      0.179779	    -0.0961055	       3.27849
          0.35	      0.176315	    -0.0967057	       3.28182
         0.352	      0.172863	    -0.0972328	       3.28293
         0.354	      0.169424	    -0.0976873	       3.28184
         0.356	      0.165999	    -0.0980696	       3.27855
         0.358	      0.162589	    -0.0983802	       3.27308
          0.36	      0.159197	    -0.0986196	       3.26546
         0.362	      0.155823	    -0.0987881	       3.25569
         0.364	      0.152469	    -0.0988863	       3.24381
         0.366	      0.149135	    -0.0989148	       3.22982
         0.368	      0.145824	    -0.0988741	       3.21374
          0.37	      0.142536	    -0.0987647	       3.19561
         0.372	      0.139273	    -0.0985873	       3.17543
         0.374	      0.136036	    -0.0983425	       3.15323
         0.376	      0.132825	    -0.0980309	       3.12904
         0.378	      0.129643	    -0.0976532	       3.10287
          0.38	      0.126491	      -0.09721	       3.07474
         0.382	      0.123369	     -0.096702	       3.04469
         0.384	      0.120279	      -0.09613	       3.01273
         0.386	      0.117222	    -0.0954947	       2.97889
         0.388	      0.114199	    -0.0947969	       2.94319
          0.39	      0.111212	    -0.0940373	       2.90567
         0.392	      0.108261	    -0.0932168	       2.86634
         0.394	      0.105347	    -0.0923361	       2.82524
         0.396	      0.102472	     -0.091396	       2.78238
         0.398	     0.0996362	    -0.0903976	        2.7378
           0.4	     0.0968414	    -0.0893415	       2.69152
         0.402	     0.0940883	    -0.0882287	       2.64358
         0.404	     0.0913779	    -0.0870602	       2.59399
         0.406	     0.0887112	    -0.0858367	        2.5428
         0.408	     0.0860893	    -0.0845594	       2.49002
          0.41	      0.083513	     -0.083229	       2.43569
         0.412	     0.0809833	    -0.0818466	       2.37984
         0.414	     0.0785011	    -0.0804132	        2.3225
         0.416	     0.0760674	    -0.0789298	       2.26369
         0.418	      0.073683	    -0.0773974	       2.20345
          0.42	     0.0713489	     -0.075817	       2.14181
         0.422	     0.0690658	    -0.0741896	        2.0788
         0.424	     0.0668346	    -0.0725164	       2.01446
         0.426	     0.0646561	    -0.0707984	       1.94881
         0.428	     0.0625311	    -0.0690367	       1.88188
          0.43	     0.0604603	    -0.0672324	       1.81371
         0.432	     0.0584447	    -0.0653865	       1.74433
         0.434	     0.0564847	    -0.0635003	       1.67378
         0.436	     0.0545813	    -0.0615749	       1.60208
         0.438	      0.052735	    -0.0596114	       1.52928
          0.44	     0.0509466	    -0.0576109	       1.45539
         0.442	     0.0492166	    -0.0555747	       1.38047
         0.444	     0.0475458	    -0.0535038	       1.30453
         0.446	     0.0459347	    -0.0513996	       1.22762
         0.448	      0.044384	    -0.0492632	       1.14976
          0.45	     0.0428941	    -0.0470958	         1.071
         0.452	     0.0414656	    -0.0448986	       0.99137
         0.454	     0.0400991	    -0.0426729	      0.910899
         0.456	     0.0387951	    -0.0404199	      0.829626
         0.458	      0.037554	    -0.0381408	      0.747584
          0.46	     0.0363763	    -0.0358369	      0.664809
         0.462	     0.0352624	    -0.0335094	      0.581336
         0.464	     0.0342127	    -0.0311597	        0.4972
         0.466	     0.0332277	    -0.0287889	      0.412438
         0.468	     0.0323076	    -0.0263983	      0.327083
          0.47	     0.0314529	    -0.0239893	      0.241173
         0.472	     0.0306638	    -0.0215631	      0.154742
         0.474	     0.0299407	     -0.019121	     0.0678274
         0.476	     0.0292839	    -0.0166643	    -0.0195364
         0.478	     0.0286935	    -0.0141943	     -0.107313
          0.48	     0.0281699	    -0.0117123	     -0.195466
         0.482	     0.0277131	    -0.0092197	     -0.283959
         0.484	     0.0273235	   -0.00671768	     -0.372757
         0.486	     0.0270012	    -0.0042076	     -0.461824
         0.488	     0.0267463	   -0.00169079	     -0.551122
          0.49	     0.0265589	   0.000831446	     -0.640616
         0.492	     0.0264391	    0.00335778	     -0.730269
         0.494	      0.026387	    0.00588689	     -0.820046
         0.496	     0.0264027	    0.00841745	     -0.909909
         0.498	     0.0264862	     0.0109481	     -0.999823
           0.5	     0.0266374	     0.0134776	      -1.08975
         0.502	     0.0268563	     0.0160046	      -1.17966
         0.504	      0.027143	     0.0185278	       -1.2695
         0.506	     0.0274973	     0.0210457	      -1.35926
         0.508	     0.0279191	     0.0235572	      -1.44888
          0.51	     0.0284083	     0.0260609	      -1.53833
         0.512	     0.0289649	     0.0285555	      -1.62758
         0.514	     0.0295886	     0.0310396	      -1.71659
         0.516	     0.0302792	      0.033512	      -1.80532
         0.518	     0.0310366	     0.0359713	      -1.89374
          0.52	     0.0318604	     0.0384163	      -1.98181
         0.522	     0.0327506	     0.0408455	       -2.0695
         0.524	     0.0337067	     0.0432578	      -2.15677
         0.526	     0.0347285	     0.0456519	      -2.24358
         0.528	     0.0358157	     0.0480264	       -2.3299
          0.53	     0.0369679	       0.05038	      -2.41569
         0.532	     0.0381847	     0.0527115	      -2.50092
         0.534	     0.0394659	     0.0550196	      -2.58555
         0.536	     0.0408108	     0.0573031	      -2.66954
         0.538	     0.0422192	     0.0595606	      -2.75287
          0.54	     0.0436906	     0.0617909	      -2.83549
         0.542	     0.0452245	     0.0639928	      -2.91737
         0.544	     0.0468204	     0.0661651	      -2.99848
         0.546	     0.0484777	     0.0683064	      -3.07877
         0.548	      0.050196	     0.0704156	      -3.15823
          0.55	     0.0519747	     0.0724915	       -3.2368
         0.552	     0.0538131	     0.0745329	      -3.31446
         0.554	     0.0557107	     0.0765385	      -3.39118
         0.556	     0.0576668	     0.0785072	      -3.46691
         0.558	     0.0596808	     0.0804377	      -3.54163
          0.56	     0.0617521	      0.082329	       -3.6153
         0.562	     0.0638799	     0.0841799	      -3.68789
         0.564	     0.0660634	     0.0859892	      -3.75937
         0.566	     0.0683021	     0.0877558	      -3.82969
         0.568	     0.0705951	     0.0894786	      -3.89884
          0.57	     0.0729417	     0.0911565	      -3.96677
         0.572	     0.0753409	     0.0927883	      -4.03346
         0.574	     0.0777922	      0.094373	      -4.09887
         0.576	     0.0802945	     0.0959096	      -4.16297
         0.578	     0.0828471	     0.0973969	      -4.22573
          0.58	     0.0854491	     0.0988339	      -4.28712
         0.582	     0.0880995	       0.10022	       -4.3471
         0.584	     0.0907976	      0.101553	      -4.40565
         0.586	     0.0935422	      0.102833	      -4.46274
         0.588	     0.0963326	      0.104059	      -4.51833
          0.59	     0.0991677	       0.10523	       -4.5724
         0.592	      0.102047	      0.106344	      -4.62491
         0.594	      0.104968	      0.107401	      -4.67585
         0.596	      0.107931	        0.1084	      -4.72517
         0.598	      0.110935	       0.10934	      -4.77285
           0.6	      0.113979	      0.110221	      -4.81886
         0.602	      0.117061	       0.11104	      -4.86318
         0.604	      0.120181	      0.111798	      -4.90577
         0.606	      0.123337	      0.112494	      -4.94661
         0.608	      0.126528	      0.113126	      -4.98568
          0.61	      0.129753	      0.113695	      -5.02294
         0.612	      0.133012	      0.114198	      -5.05838
         0.614	      0.136302	      0.114637	      -5.09196
         0.616	      0.139622	      0.115009	      -5.12367
         0.618	      0.142973	      0.115314	      -5.15347
          0.62	      0.146351	      0.115551	      -5.18134
         0.622	      0.149756	       0.11572	      -5.20727
         0.624	      0.153188	       0.11582	      -5.23122
         0.626	      0.156643	       0.11585	      -5.25318
         0.628	      0.160122	       0.11581	      -5.27312
          0.63	      0.163623	        0.1157	      -5.29102
         0.632	      0.167145	      0.115518	      -5.30686
         0.634	      0.170686	      0.115264	      -5.32063
         0.636	      0.174245	      0.114937	      -5.33229
         0.638	      0.177821	      0.114538	      -5.34184
          0.64	      0.181413	      0.114065	      -5.34926
         0.642	      0.185019	      0.113519	      -5.35452
         0.644	      0.188637	      0.112898	      -5.35761
         0.646	      0.192267	      0.112202	      -5.35851
         0.648	      0.195907	      0.111431	      -5.35721
          0.65	      0.199556	      0.110585	      -5.35369
         0.652	      0.203213	      0.109663	      -5.34794
         0.654	      0.206875	      0.108665	      -5.33995
         0.656	      0.210542	      0.107591	       -5.3297
         0.658	      0.214212	       0.10644	      -5.31717
          0.66	      0.217884	      0.105212	      -5.30237
         0.662	      0.221556	      0.103907	      -5.28527
         0.664	      0.225227	      0.102525	      -5.26588
         0.666	      0.228896	      0.101065	      -5.24417
         0.668	      0.232561	     0.0995279	      -5.22014
          0.67	      0.236221	     0.0979129	      -5.19379
         0.672	      0.239874	     0.0962201	      -5.16511
         0.674	       0.24352	     0.0944494	       -5.1341
         0.676	      0.247155	     0.0926008	      -5.10074
         0.678	       0.25078	     0.0906743	      -5.06504
          0.68	      0.254392	     0.0886699	      -5.02699
         0.682	      0.257991	     0.0865876	      -4.98659
         0.684	      0.261574	     0.0844274	      -4.94385
         0.686	      0.265141	     0.0821896	      -4.89876
         0.688	       0.26869	      0.079874	      -4.85133
          0.69	      0.272219	      0.077481	      -4.80155
         0.692	      0.275727	     0.0750107	      -4.74944
         0.694	      0.279213	     0.0724631	        -4.695
         0.696	      0.282676	     0.0698386	      -4.63823
         0.698	      0.286113	     0.0671374	      -4.57914
           0.7	      0.289524	     0.0643597	      -4.51775
         0.702	      0.292906	     0.0615058	      -4.45405
         0.704	      0.296259	      0.058576	      -4.38807
         0.706	      0.299582	     0.0555706	      -4.31982
         0.708	      0.302872	       0.05249	      -4.24931
          0.71	      0.306129	     0.0493346	      -4.17655
         0.712	      0.309351	     0.0461047	      -4.10157
         0.714	      0.312537	     0.0428008	      -4.02438
         0.716	      0.315685	     0.0394233	        -3.945
         0.718	      0.318794	     0.0359727	      -3.86345
          0.72	      0.321863	     0.0324494	      -3.77977
         0.722	       0.32489	     0.0288541	      -3.69396
         0.724	      0.327874	     0.0251872	      -3.60607
         0.726	      0.330814	     0.0214493	      -3.51611
         0.728	      0.333708	     0.0176409	      -3.42411
          0.73	      0.336555	     0.0137627	      -3.33012
         0.732	      0.339354	    0.00981533	      -3.23415
         0.734	      0.342103	    0.00579937	      -3.13625
         0.736	      0.344802	     0.0017155	      -3.03646
         0.738	      0.347448	   -0.00243557	      -2.93481
          0.74	      0.350042	   -0.00665316	      -2.83134
         0.742	      0.352581	    -0.0109365	      -2.72609
         0.744	      0.355064	    -0.0152849	      -2.61912
         0.746	       0.35749	    -0.0196976	      -2.51047
         0.748	      0.359858	    -0.0241737	      -2.40018
          0.75	      0.362167	    -0.0287125	      -2.28832
         0.752	      0.364415	    -0.0333132	      -2.17492
         0.754	      0.366602	    -0.0379749	      -2.06006
         0.756	      0.368726	    -0.0426967	      -1.94378
         0.758	      0.370786	    -0.0474777	      -1.82615
          0.76	       0.37278	    -0.0523172	      -1.70723
         0.762	      0.374709	    -0.0572141	      -1.58709
         0.764	      0.376571	    -0.0621675	       -1.4658
         0.766	      0.378364	    -0.0671764	      -1.34342
         0.768	      0.380088	      -0.07224	      -1.22003
          0.77	      0.381742	    -0.0773572	      -1.09571
         0.772	      0.383324	     -0.082527	     -0.970542
         0.774	      0.384834	    -0.0877485	     -0.844598
         0.776	      0.386271	    -0.0930205	     -0.717969
         0.778	      0.387633	    -0.0983421	     -0.590744
          0.78	       0.38892	     -0.103712	     -0.463014
         0.782	      0.390131	      -0.10913	     -0.334873
         0.784	      0.391264	     -0.114593	     -0.206421
         0.786	       0.39232	     -0.120102	    -0.0777584
         0.788	      0.393296	     -0.125655	     0.0510096
          0.79	      0.394193	     -0.131251	      0.179774
         0.792	      0.395009	     -0.136889	      0.308424
         0.794	      0.395743	     -0.142568	      0.436842
         0.796	      0.396395	     -0.148286	      0.564909
         0.798	      0.396964	     -0.154042	      0.692502
           0.8	      0.397448	     -0.159836	      0.819494
         0.802	      0.397848	     -0.165665	      0.945752
         0.804	      0.398163	     -0.171529	       1.07114
         0.806	      0.398391	     -0.177427	       1.19552
         0.808	      0.398532	     -0.183357	       1.31875
          0.81	      0.398586	     -0.189317	       1.44068
         0.812	      0.398551	     -0.195308	       1.56115
         0.814	      0.398427	     -0.201327	       1.68001
         0.816	      0.398213	     -0.207373	        1.7971
         0.818	      0.397909	     -0.213445	       1.91224
          0.82	      0.397514	     -0.219541	       2.02527
         0.822	      0.397027	      -0.22566	       2.13602
         0.824	      0.396448	     -0.231802	       2.24429
         0.826	      0.395777	     -0.237964	       2.34991
         0.828	      0.395011	     -0.244145	       2.45267
          0.83	      0.394153	     -0.250344	       2.55239
         0.832	      0.393199	     -0.256559	       2.64886
         0.834	      0.392151	     -0.262789	       2.74188
         0.836	      0.391007	     -0.269033	       2.83122
         0.838	      0.389767	     -0.275289	       2.91667
          0.84	      0.388431	     -0.281556	       2.99801
         0.842	      0.386998	     -0.287832	       3.07501
         0.844	      0.385468	     -0.294115	       3.14743
         0.846	       0.38384	     -0.300406	       3.21502
         0.848	      0.382114	     -0.306701	       3.27755
          0.85	      0.380289	     -0.312999	       3.33476
         0.852	      0.378366	     -0.319299	       3.38638
         0.854	      0.376343	       -0.3256	       3.43216
         0.856	      0.374221	     -0.331899	       3.47181
         0.858	      0.371998	     -0.338196	       3.50508
          0.86	      0.369676	     -0.344488	       3.53166
         0.862	      0.367253	     -0.350774	       3.55128
         0.864	      0.364729	     -0.357053	       3.56364
         0.866	      0.362104	     -0.363322	       3.56843
         0.868	      0.359378	      -0.36958	       3.56536
          0.87	       0.35655	     -0.375826	        3.5541
         0.872	      0.353621	     -0.382057	       3.53434
         0.874	      0.350589	     -0.388273	       3.50576
         0.876	      0.347455	      -0.39447	       3.46802
         0.878	      0.344219	     -0.400648	       3.42079
          0.88	      0.340881	     -0.406805	       3.36373
         0.882	      0.337439	     -0.412938	       3.29649
         0.884	      0.333896	     -0.419046	       3.21873
         0.886	      0.330249	     -0.425127	       3.13009
         0.888	      0.326499	      -0.43118	        3.0302
          0.89	      0.322646	     -0.437201	       2.91871
         0.892	      0.318691	     -0.443189	       2.79524
         0.894	      0.314632	     -0.449142	       2.65942
         0.896	      0.310471	     -0.455059	       2.51088
         0.898	      0.306206	     -0.460936	       2.34924
           0.9	      0.301839	     -0.466771	       2.17412
         0.902	      0.297368	     -0.472563	       1.98513
         0.904	      0.292796	     -0.478309	       1.78188
         0.906	       0.28812	     -0.484007	         1.564
         0.908	      0.283342	     -0.489654	       1.33109
          0.91	      0.278463	     -0.495248	       1.08277
         0.912	      0.273481	     -0.500787	      0.818655
         0.914	      0.268398	     -0.506268	      0.538355
         0.916	      0.263213	     -0.511688	      0.241491
         0.918	      0.257928	     -0.517045	     -0.072316
          0.92	      0.252542	     -0.522336	      -0.40344
         0.922	      0.247057	     -0.527558	     -0.752249
         0.924	      0.241471	     -0.532708	      -1.11911
         0.926	      0.235787	     -0.537784	      -1.50436
         0.928	      0.230005	     -0.542782	      -1.90837
          0.93	      0.224125	     -0.547699	      -2.33146
         0.932	      0.218149	     -0.552533	      -2.77394
         0.934	      0.212076	     -0.557279	      -3.23614
         0.936	      0.205909	     -0.561935	      -3.71834
         0.938	      0.199647	     -0.566498	      -4.22081
          0.94	      0.193293	     -0.570963	      -4.74381
         0.942	      0.186847	     -0.575327	      -5.28756
         0.944	       0.18031	     -0.579587	      -5.85228
         0.946	      0.173683	     -0.583738	      -6.43814
         0.948	      0.166969	     -0.587778	      -7.04527
          0.95	      0.160169	     -0.591702	      -7.67381
         0.952	      0.153284	     -0.595506	      -8.32382
         0.954	      0.146316	     -0.599186	      -8.99532
         0.956	      0.139267	     -0.602738	      -9.68832
         0.958	       0.13214	     -0.606158	      -10.4028
          0.96	      0.124935	     -0.609441	      -11.1385
         0.962	      0.117656	     -0.612584	      -11.8954
         0.964	      0.110306	     -0.615581	      -12.6732
         0.966	      0.102886	      -0.61843	      -13.4716
         0.968	     0.0953988	     -0.621124	      -14.2902
          0.97	     0.0878484	      -0.62366	      -15.1287
         0.972	     0.0802375	     -0.626033	      -15.9864
         0.974	     0.0725694	     -0.628239	      -16.8627
         0.976	     0.0648474	     -0.630273	      -17.7569
         0.978	     0.0570753	     -0.632131	      -18.6682
          0.98	     0.0492568	     -0.633808	      -19.5956
         0.982	      0.041396	     -0.635301	      -20.5382
         0.984	      0.033497	     -0.636605	      -21.4948
         0.986	     0.0255642	     -0.637716	      -22.4641
         0.988	     0.0176022	      -0.63863	      -23.4447
          0.99	    0.00961561	     -0.639344	      -24.4351
         0.992	    0.00160939	     -0.639855	      -25.4337
         0.994	   -0.00641145	     -0.640158	      -26.4386
         0.996	    -0.0144417	     -0.640252	       -27.448
         0.998	    -0.0224761	     -0.640133	      -28.4598
