             0	      -1.34537	     -0.553564	      -16.6271
         0.002	      -1.33572	     -0.545263	       -16.329
         0.004	      -1.32602	     -0.537048	      -16.0306
         0.006	      -1.31626	     -0.528922	      -15.7322
         0.008	      -1.30646	     -0.520883	      -15.4338
          0.01	       -1.2966	     -0.512933	      -15.1356
         0.012	       -1.2867	     -0.505071	      -14.8378
         0.014	      -1.27675	     -0.497298	      -14.5406
         0.016	      -1.26676	     -0.489615	      -14.2439
         0.018	      -1.25672	     -0.482022	      -13.9481
          0.02	      -1.24664	     -0.474518	      -13.6532
         0.022	      -1.23653	     -0.467104	      -13.3593
         0.024	      -1.22637	      -0.45978	      -13.0666
         0.026	      -1.21617	     -0.452546	      -12.7751
         0.028	      -1.20594	     -0.445403	      -12.4851
          0.03	      -1.19568	     -0.438351	      -12.1965
         0.032	      -1.18537	     -0.431389	      -11.9094
         0.034	      -1.17504	     -0.424518	      -11.6241
         0.036	      -1.16468	     -0.417737	      -11.3405
         0.038	      -1.15429	     -0.411048	      -11.0588
          0.04	      -1.14386	     -0.404449	       -10.779
         0.042	      -1.13341	     -0.397941	      -10.5013
         0.044	      -1.12294	     -0.391523	      -10.2256
         0.046	      -1.11244	     -0.385196	      -9.95207
         0.048	      -1.10192	      -0.37896	      -9.68078
          0.05	      -1.09137	     -0.372814	      -9.41178
         0.052	      -1.08081	     -0.366759	      -9.14513
         0.054	      -1.07022	     -0.360794	      -8.88088
         0.056	      -1.05962	      -0.35492	      -8.61908
         0.058	        -1.049	     -0.349135	       -8.3598
          0.06	      -1.03836	      -0.34344	      -8.10305
         0.062	      -1.02771	     -0.337836	       -7.8489
         0.064	      -1.01705	     -0.332321	      -7.59738
         0.066	      -1.00637	     -0.326895	      -7.34853
         0.068	     -0.995681	     -0.321559	      -7.10237
          0.07	     -0.984983	     -0.316311	      -6.85895
         0.072	     -0.974276	     -0.311153	      -6.61827
         0.074	     -0.963561	     -0.306084	      -6.38038
         0.076	      -0.95284	     -0.301103	       -6.1453
         0.078	     -0.942113	      -0.29621	      -5.91303
          0.08	     -0.931382	     -0.291405	      -5.68361
         0.082	     -0.920647	     -0.286688	      -5.45705
         0.084	     -0.909911	     -0.282059	      -5.23335
         0.086	     -0.899174	     -0.277517	      -5.01254
         0.088	     -0.888436	     -0.273062	      -4.79461
          0.09	       -0.8777	     -0.268693	      -4.57959
         0.092	     -0.866966	     -0.264411	      -4.36747
         0.094	     -0.856235	     -0.260216	      -4.15826
         0.096	     -0.845509	     -0.256106	      -3.95196
         0.098	     -0.834788	     -0.252082	      -3.74858
           0.1	     -0.824074	     -0.248143	      -3.54811
         0.102	     -0.813367	     -0.244289	      -3.35054
         0.104	     -0.802668	      -0.24052	      -3.15589
         0.106	     -0.791979	     -0.236835	      -2.96414
         0.108	     -0.781301	     -0.233234	      -2.77529
          0.11	     -0.770634	     -0.229716	      -2.58933
         0.112	     -0.759979	     -0.226282	      -2.40625
         0.114	     -0.749338	     -0.222931	      -2.22605
         0.116	     -0.738712	     -0.219663	      -2.04871
         0.118	     -0.728101	     -0.216476	      -1.87423
          0.12	     -0.717507	     -0.213372	      -1.70259
         0.122	      -0.70693	     -0.210348	      -1.53378
         0.124	     -0.696372	     -0.207406	       -1.3678
         0.126	     -0.685833	     -0.204545	      -1.20462
         0.128	     -0.675315	     -0.201763	      -1.04423
          0.13	     -0.664818	     -0.199062	     -0.886613
         0.132	     -0.654343	      -0.19644	     -0.731761
         0.134	     -0.643891	     -0.193897	     -0.579653
         0.136	     -0.633463	     -0.191432	     -0.430275
         0.138	      -0.62306	     -0.189045	     -0.283608
          0.14	     -0.612684	     -0.186736	     -0.139635
         0.142	     -0.602334	     -0.184504	    0.00166084
         0.144	     -0.592012	     -0.182349	      0.140298
         0.146	     -0.581719	      -0.18027	      0.276296
         0.148	     -0.571455	     -0.178267	      0.409673
          0.15	     -0.561221	     -0.176339	      0.540448
         0.152	     -0.551019	     -0.174485	      0.668641
         0.154	     -0.540849	     -0.172706	      0.794272
         0.156	     -0.530713	     -0.171001	      0.917359
         0.158	      -0.52061	     -0.169369	       1.03792
          0.16	     -0.510542	     -0.167809	       1.15599
         0.162	     -0.500509	     -0.166322	       1.27157
         0.164	     -0.490513	     -0.164906	       1.38469
         0.166	     -0.480555	     -0.163561	       1.49538
         0.168	     -0.470634	     -0.162286	       1.60364
          0.17	     -0.460752	     -0.161082	       1.70951
         0.172	     -0.450911	     -0.159946	         1.813
         0.174	     -0.441109	      -0.15888	       1.91414
         0.176	     -0.431349	     -0.157881	       2.01294
         0.178	     -0.421631	      -0.15695	       2.10943
          0.18	     -0.411957	     -0.156086	       2.20364
         0.182	     -0.402325	     -0.155288	       2.29557
         0.184	     -0.392739	     -0.154555	       2.38526
         0.186	     -0.383197	     -0.153888	       2.47273
         0.188	     -0.373702	     -0.153285	         2.558
          0.19	     -0.364253	     -0.152746	       2.64108
         0.192	     -0.354852	      -0.15227	       2.72201
         0.194	     -0.345498	     -0.151856	        2.8008
         0.196	     -0.336194	     -0.151504	       2.87748
         0.198	     -0.326939	     -0.151213	       2.95207
           0.2	     -0.317735	     -0.150982	       3.02458
         0.202	     -0.308582	     -0.150811	       3.09505
         0.204	      -0.29948	     -0.150699	        3.1635
         0.206	     -0.290431	     -0.150645	       3.22994
         0.208	     -0.281434	     -0.150649	       3.29439
          0.21	     -0.272491	     -0.150709	       3.35689
         0.212	     -0.263603	     -0.150826	       3.41745
         0.214	      -0.25477	     -0.150998	        3.4761
         0.216	     -0.245992	     -0.151224	       3.53285
         0.218	      -0.23727	     -0.151504	       3.58773
          0.22	     -0.228605	     -0.151837	       3.64075
         0.222	     -0.219998	     -0.152223	       3.69195
         0.224	     -0.211448	      -0.15266	       3.74135
         0.226	     -0.202957	     -0.153148	       3.78895
         0.228	     -0.194525	     -0.153686	        3.8348
          0.23	     -0.186153	     -0.154273	        3.8789
         0.232	     -0.177841	     -0.154908	       3.92128
         0.234	      -0.16959	     -0.155591	       3.96196
         0.236	       -0.1614	     -0.156321	       4.00096
         0.238	     -0.153272	     -0.157096	        4.0383
          0.24	     -0.145206	     -0.157917	       4.07401
         0.242	     -0.137203	     -0.158782	       4.10811
         0.244	     -0.129264	     -0.159691	       4.14061
         0.246	     -0.121388	     -0.160642	       4.17153
         0.248	     -0.113576	     -0.161635	       4.20091
          0.25	     -0.105829	     -0.162669	       4.22875
         0.252	    -0.0981473	     -0.163743	       4.25508
         0.254	     -0.090531	     -0.164857	       4.27992
         0.256	    -0.0829806	     -0.166009	       4.30329
         0.258	    -0.0754967	     -0.167198	       4.32521
          0.26	    -0.0680795	     -0.168424	        4.3457
         0.262	    -0.0607294	     -0.169686	       4.36479
         0.264	    -0.0534469	     -0.170983	       4.38248
         0.266	    -0.0462323	     -0.172314	        4.3988
         0.268	    -0.0390859	     -0.173678	       4.41377
          0.27	    -0.0320081	     -0.175075	       4.42741
         0.272	    -0.0249992	     -0.176503	       4.43974
         0.274	    -0.0180595	     -0.177961	       4.45078
         0.276	    -0.0111894	     -0.179449	       4.46054
         0.278	   -0.00438911	     -0.180966	       4.46906
          0.28	    0.00234108	     -0.182511	       4.47634
         0.282	     0.0090009	     -0.184083	        4.4824
         0.284	     0.0155901	     -0.185681	       4.48726
         0.286	     0.0221084	     -0.187303	       4.49095
         0.288	     0.0285555	     -0.188951	       4.49348
          0.29	     0.0349314	     -0.190621	       4.49487
         0.292	     0.0412356	     -0.192314	       4.49513
         0.294	     0.0474681	     -0.194028	       4.49429
         0.296	     0.0536287	     -0.195763	       4.49236
         0.298	     0.0597171	     -0.197518	       4.48936
           0.3	     0.0657333	     -0.199292	       4.48531
         0.302	      0.071677	     -0.201083	       4.48022
         0.304	     0.0775481	     -0.202891	       4.47412
         0.306	     0.0833464	     -0.204715	       4.46702
         0.308	      0.089072	     -0.206555	       4.45893
          0.31	     0.0947246	     -0.208408	       4.44988
         0.312	      0.100304	     -0.210275	       4.43988
         0.314	      0.105811	     -0.212155	       4.42895
         0.316	      0.111244	     -0.214045	       4.41709
         0.318	      0.116604	     -0.215946	       4.40434
          0.32	      0.121891	     -0.217857	       4.39071
         0.322	      0.127104	     -0.219777	        4.3762
         0.324	      0.132244	     -0.221704	       4.36084
         0.326	       0.13731	     -0.223638	       4.34465
         0.328	      0.142304	     -0.225578	       4.32763
          0.33	      0.147223	     -0.227523	       4.30981
         0.332	       0.15207	     -0.229472	       4.29119
         0.334	      0.156843	     -0.231424	        4.2718
         0.336	      0.161543	     -0.233379	       4.25165
         0.338	      0.166169	     -0.235335	       4.23075
          0.34	      0.170723	     -0.237291	       4.20911
         0.342	      0.175203	     -0.239248	       4.18676
         0.344	       0.17961	     -0.241202	        4.1637
         0.346	      0.183945	     -0.243155	       4.13995
         0.348	      0.188207	     -0.245104	       4.11553
          0.35	      0.192395	     -0.247049	       4.09044
         0.352	      0.196512	      -0.24899	        4.0647
         0.354	      0.200556	     -0.250924	       4.03833
         0.356	      0.204528	     -0.252852	       4.01133
         0.358	      0.208427	     -0.254773	       3.98372
          0.36	      0.212255	     -0.256685	       3.95551
         0.362	      0.216011	     -0.258587	       3.92672
         0.364	      0.219696	      -0.26048	       3.89736
         0.366	      0.223309	     -0.262361	       3.86743
         0.368	      0.226851	      -0.26423	       3.83696
          0.37	      0.230322	     -0.266087	       3.80595
         0.372	      0.233723	      -0.26793	       3.77442
         0.374	      0.237053	     -0.269758	       3.74237
         0.376	      0.240314	     -0.271571	       3.70983
         0.378	      0.243504	     -0.273368	       3.67679
          0.38	      0.246625	     -0.275147	       3.64327
         0.382	      0.249676	     -0.276909	       3.60929
         0.384	      0.252659	     -0.278652	       3.57485
         0.386	      0.255573	     -0.280376	       3.53996
         0.388	      0.258418	     -0.282079	       3.50464
          0.39	      0.261196	     -0.283761	        3.4689
         0.392	      0.263906	     -0.285421	       3.43274
         0.394	      0.266548	     -0.287058	       3.39617
         0.396	      0.269124	     -0.288671	       3.35921
         0.398	      0.271633	      -0.29026	       3.32187
           0.4	      0.274076	     -0.291824	       3.28415
         0.402	      0.276453	     -0.293362	       3.24607
         0.404	      0.278764	     -0.294873	       3.20763
         0.406	      0.281011	     -0.296357	       3.16885
         0.408	      0.283193	     -0.297812	       3.12973
          0.41	      0.285311	     -0.299238	       3.09028
         0.412	      0.287365	     -0.300634	       3.05052
         0.414	      0.289356	        -0.302	       3.01044
         0.416	      0.291284	     -0.303335	       2.97007
         0.418	       0.29315	     -0.304637	        2.9294
          0.42	      0.294953	     -0.305906	       2.88845
         0.422	      0.296696	     -0.307142	       2.84722
         0.424	      0.298377	     -0.308344	       2.80573
         0.426	      0.299998	     -0.309511	       2.76397
         0.428	      0.301559	     -0.310642	       2.72197
          0.43	      0.303061	     -0.311737	       2.67972
         0.432	      0.304504	     -0.312795	       2.63724
         0.434	      0.305888	     -0.313815	       2.59454
         0.436	      0.307215	     -0.314796	       2.55161
         0.438	      0.308484	     -0.315739	       2.50847
          0.44	      0.309696	     -0.316642	       2.46513
         0.442	      0.310853	     -0.317505	       2.42159
         0.444	      0.311953	     -0.318326	       2.37787
         0.446	      0.312999	     -0.319106	       2.33396
         0.448	       0.31399	     -0.319844	       2.28987
          0.45	      0.314927	     -0.320538	       2.24562
         0.452	      0.315812	      -0.32119	       2.20121
         0.454	      0.316643	     -0.321797	       2.15664
         0.456	      0.317422	     -0.322359	       2.11193
         0.458	       0.31815	     -0.322876	       2.06708
          0.46	      0.318827	     -0.323347	        2.0221
         0.462	      0.319454	     -0.323772	       1.97699
         0.464	      0.320031	      -0.32415	       1.93176
         0.466	       0.32056	      -0.32448	       1.88641
         0.468	       0.32104	     -0.324762	       1.84096
          0.47	      0.321472	     -0.324996	       1.79541
         0.472	      0.321858	      -0.32518	       1.74977
         0.474	      0.322197	     -0.325315	       1.70404
         0.476	      0.322491	     -0.325399	       1.65823
         0.478	       0.32274	     -0.325433	       1.61235
          0.48	      0.322944	     -0.325416	       1.56639
         0.482	      0.323105	     -0.325347	       1.52038
         0.484	      0.323223	     -0.325226	       1.47431
         0.486	      0.323299	     -0.325052	       1.42819
         0.488	      0.323334	     -0.324825	       1.38203
          0.49	      0.323327	     -0.324545	       1.33583
         0.492	      0.323281	     -0.324211	        1.2896
         0.494	      0.323195	     -0.323822	       1.24335
         0.496	      0.323071	     -0.323379	       1.19708
         0.498	      0.322909	      -0.32288	        1.1508
           0.5	      0.322709	     -0.322326	       1.10451
         0.502	      0.322474	     -0.321716	       1.05822
         0.504	      0.322202	      -0.32105	       1.01194
         0.506	      0.321896	     -0.320327	      0.965668
         0.508	      0.321555	     -0.319546	      0.919417
          0.51	      0.321182	     -0.318709	      0.873191
         0.512	      0.320775	     -0.317814	      0.826996
         0.514	      0.320337	      -0.31686	      0.780838
         0.516	      0.319867	     -0.315849	      0.734724
         0.518	      0.319367	     -0.314778	      0.688659
          0.52	      0.318837	     -0.313649	      0.642651
         0.522	      0.318279	      -0.31246	      0.596704
         0.524	      0.317692	     -0.311212	      0.550827
         0.526	      0.317078	     -0.309904	      0.505024
         0.528	      0.316438	     -0.308535	      0.459303
          0.53	      0.315772	     -0.307107	      0.413669
         0.532	      0.315081	     -0.305618	       0.36813
         0.534	      0.314365	     -0.304068	      0.322692
         0.536	      0.313627	     -0.302457	      0.277361
         0.538	      0.312866	     -0.300785	      0.232144
          0.54	      0.312082	     -0.299052	      0.187048
         0.542	      0.311278	     -0.297257	      0.142079
         0.544	      0.310454	       -0.2954	     0.0972448
         0.546	       0.30961	     -0.293481	     0.0525514
         0.548	      0.308748	       -0.2915	    0.00800619
          0.55	      0.307868	     -0.289457	     -0.036384
         0.552	       0.30697	     -0.287352	    -0.0806121
         0.554	      0.306057	     -0.285184	     -0.124671
         0.556	      0.305128	     -0.282954	     -0.168553
         0.558	      0.304184	      -0.28066	     -0.212252
          0.56	      0.303227	     -0.278305	      -0.25576
         0.562	      0.302256	     -0.275886	     -0.299068
         0.564	      0.301273	     -0.273404	     -0.342171
         0.566	      0.300279	     -0.270859	      -0.38506
         0.568	      0.299274	     -0.268252	     -0.427728
          0.57	      0.298259	     -0.265581	     -0.470166
         0.572	      0.297235	     -0.262847	     -0.512367
         0.574	      0.296203	      -0.26005	     -0.554322
         0.576	      0.295163	      -0.25719	     -0.596025
         0.578	      0.294117	     -0.254267	     -0.637465
          0.58	      0.293064	     -0.251281	     -0.678636
         0.582	      0.292007	     -0.248231	     -0.719528
         0.584	      0.290945	     -0.245119	     -0.760133
         0.586	       0.28988	     -0.241943	     -0.800443
         0.588	      0.288812	     -0.238705	     -0.840448
          0.59	      0.287742	     -0.235404	      -0.88014
         0.592	      0.286671	      -0.23204	     -0.919509
         0.594	      0.285599	     -0.228613	     -0.958547
         0.596	      0.284528	     -0.225123	     -0.997244
         0.598	      0.283458	     -0.221571	      -1.03559
           0.6	       0.28239	     -0.217957	      -1.07358
         0.602	      0.281324	      -0.21428	       -1.1112
         0.604	      0.280262	     -0.210541	      -1.14844
         0.606	      0.279205	     -0.206741	      -1.18529
         0.608	      0.278152	     -0.202878	      -1.22174
          0.61	      0.277105	     -0.198954	      -1.25778
         0.612	      0.276064	     -0.194968	       -1.2934
         0.614	      0.275031	      -0.19092	      -1.32859
         0.616	      0.274006	     -0.186812	      -1.36334
         0.618	      0.272989	     -0.182643	      -1.39764
          0.62	      0.271982	     -0.178413	      -1.43148
         0.622	      0.270985	     -0.174122	      -1.46484
         0.624	      0.269999	     -0.169771	      -1.49772
         0.626	      0.269025	     -0.165361	       -1.5301
         0.628	      0.268063	      -0.16089	      -1.56197
          0.63	      0.267115	      -0.15636	      -1.59333
         0.632	       0.26618	      -0.15177	      -1.62415
         0.634	      0.265259	     -0.147122	      -1.65443
         0.636	      0.264354	     -0.142415	      -1.68416
         0.638	      0.263465	     -0.137649	      -1.71332
          0.64	      0.262592	     -0.132826	       -1.7419
         0.642	      0.261737	     -0.127944	      -1.76988
         0.644	        0.2609	     -0.123005	      -1.79726
         0.646	      0.260081	     -0.118009	      -1.82402
         0.648	      0.259282	     -0.112957	      -1.85015
          0.65	      0.258503	     -0.107847	      -1.87564
         0.652	      0.257744	     -0.102682	      -1.90047
         0.654	      0.257007	    -0.0974606	      -1.92462
         0.656	      0.256292	    -0.0921841	      -1.94809
         0.658	      0.255599	    -0.0868525	      -1.97086
          0.66	       0.25493	    -0.0814663	      -1.99292
         0.662	      0.254284	    -0.0760258	      -2.01425
         0.664	      0.253663	    -0.0705316	      -2.03484
         0.666	      0.253067	    -0.0649839	      -2.05467
         0.668	      0.252497	    -0.0593831	      -2.07374
          0.67	      0.251953	    -0.0537298	      -2.09201
         0.672	      0.251437	    -0.0480243	      -2.10948
         0.674	      0.250947	    -0.0422671	      -2.12614
         0.676	      0.250486	    -0.0364586	      -2.14197
         0.678	      0.250054	    -0.0305993	      -2.15695
          0.68	       0.24965	    -0.0246895	      -2.17106
         0.682	      0.249277	    -0.0187299	       -2.1843
         0.684	      0.248934	    -0.0127208	      -2.19664
         0.686	      0.248622	   -0.00666272	      -2.20807
         0.688	      0.248341	  -0.000556145	      -2.21858
          0.69	      0.248092	    0.00559844	      -2.22814
         0.692	      0.247876	     0.0118005	      -2.23674
         0.694	      0.247693	     0.0180496	      -2.24436
         0.696	      0.247543	     0.0243453	      -2.25099
         0.698	      0.247427	     0.0306869	      -2.25661
           0.7	      0.247346	      0.037074	       -2.2612
         0.702	        0.2473	     0.0435061	      -2.26474
         0.704	       0.24729	     0.0499826	      -2.26722
         0.706	      0.247315	      0.056503	      -2.26862
         0.708	      0.247377	     0.0630668	      -2.26892
          0.71	      0.247475	     0.0696734	       -2.2681
         0.712	      0.247611	     0.0763223	      -2.26615
         0.714	      0.247785	     0.0830129	      -2.26305
         0.716	      0.247997	     0.0897447	      -2.25877
         0.718	      0.248247	     0.0965172	       -2.2533
          0.72	      0.248537	       0.10333	      -2.24663
         0.722	      0.248866	      0.110182	      -2.23872
         0.724	      0.249234	      0.117072	      -2.22957
         0.726	      0.249643	      0.124002	      -2.21916
         0.728	      0.250092	      0.130969	      -2.20745
          0.73	      0.250583	      0.137973	      -2.19445
         0.732	      0.251114	      0.145014	      -2.18012
         0.734	      0.251688	       0.15209	      -2.16445
         0.736	      0.252303	      0.159202	      -2.14741
         0.738	       0.25296	      0.166349	      -2.12899
          0.74	       0.25366	      0.173531	      -2.10917
         0.742	      0.254403	      0.180745	      -2.08793
         0.744	       0.25519	      0.187993	      -2.06524
         0.746	      0.256019	      0.195273	      -2.04109
         0.748	      0.256893	      0.202585	      -2.01546
          0.75	      0.257811	      0.209929	      -1.98832
         0.752	      0.258773	      0.217302	      -1.95966
         0.754	       0.25978	      0.224706	      -1.92945
         0.756	      0.260831	      0.232139	      -1.89767
         0.758	      0.261928	      0.239601	      -1.86431
          0.76	       0.26307	      0.247091	      -1.82934
         0.762	      0.264258	      0.254609	      -1.79274
         0.764	      0.265491	      0.262153	      -1.75449
         0.766	       0.26677	      0.269724	      -1.71457
         0.768	      0.268096	       0.27732	      -1.67296
          0.77	      0.269468	      0.284941	      -1.62963
         0.772	      0.270886	      0.292587	      -1.58457
         0.774	      0.272352	      0.300257	      -1.53775
         0.776	      0.273864	      0.307949	      -1.48915
         0.778	      0.275423	      0.315664	      -1.43875
          0.78	      0.277029	      0.323402	      -1.38653
         0.782	      0.278683	       0.33116	      -1.33247
         0.784	      0.280384	      0.338939	      -1.27654
         0.786	      0.282132	      0.346738	      -1.21872
         0.788	      0.283928	      0.354557	      -1.15899
          0.79	      0.285772	      0.362394	      -1.09733
         0.792	      0.287664	       0.37025	      -1.03372
         0.794	      0.289604	      0.378123	      -0.96813
         0.796	      0.291591	      0.386013	     -0.900545
         0.798	      0.293627	       0.39392	     -0.830939
           0.8	      0.295711	      0.401842	     -0.759292
         0.802	      0.297842	      0.409779	     -0.685581
         0.804	      0.300022	      0.417731	     -0.609784
         0.806	      0.302251	      0.425697	     -0.531878
         0.808	      0.304527	      0.433677	     -0.451842
          0.81	      0.306851	      0.441668	     -0.369654
         0.812	      0.309224	      0.449673	     -0.285291
         0.814	      0.311645	      0.457688	      -0.19873
         0.816	      0.314114	      0.465715	     -0.109951
         0.818	      0.316631	      0.473752	    -0.0189314
          0.82	      0.319197	      0.481799	     0.0743515
         0.822	       0.32181	      0.489855	      0.169919
         0.824	      0.324471	       0.49792	      0.267794
         0.826	      0.327181	      0.505993	      0.367997
         0.828	      0.329938	      0.514073	      0.470551
          0.83	      0.332743	       0.52216	      0.575477
         0.832	      0.335596	      0.530254	      0.682796
         0.834	      0.338496	      0.538354	      0.792531
         0.836	      0.341444	      0.546459	      0.904701
         0.838	      0.344439	      0.554569	       1.01933
          0.84	      0.347482	      0.562683	       1.13644
         0.842	      0.350572	        0.5708	       1.25604
         0.844	      0.353709	      0.578921	       1.37817
         0.846	      0.356893	      0.587045	       1.50283
         0.848	      0.360124	      0.595171	       1.63006
          0.85	      0.363401	      0.603298	       1.75987
         0.852	      0.366725	      0.611427	       1.89227
         0.854	      0.370095	      0.619557	        2.0273
         0.856	      0.373512	      0.627687	       2.16496
         0.858	      0.376974	      0.635816	       2.30529
          0.86	      0.380482	      0.643945	       2.44828
         0.862	      0.384036	      0.652073	       2.59398
         0.864	      0.387636	      0.660199	       2.74238
         0.866	       0.39128	      0.668323	       2.89351
         0.868	       0.39497	      0.676445	       3.04739
          0.87	      0.398705	      0.684563	       3.20402
         0.872	      0.402484	      0.692679	       3.36344
         0.874	      0.406308	      0.700791	       3.52564
         0.876	      0.410176	      0.708898	       3.69065
         0.878	      0.414089	      0.717002	       3.85849
          0.88	      0.418045	        0.7251	       4.02915
         0.882	      0.422045	      0.733193	       4.20266
         0.884	      0.426088	      0.741281	       4.37902
         0.886	      0.430174	      0.749363	       4.55825
         0.888	      0.434304	      0.757438	       4.74036
          0.89	      0.438476	      0.765507	       4.92536
         0.892	      0.442691	      0.773569	       5.11324
         0.894	      0.446948	      0.781624	       5.30403
         0.896	      0.451247	      0.789672	       5.49772
         0.898	      0.455588	      0.797711	       5.69432
           0.9	      0.459971	      0.805743	       5.89383
         0.902	      0.464395	      0.813767	       6.09626
         0.904	      0.468861	      0.821782	        6.3016
         0.906	      0.473367	      0.829788	       6.50985
         0.908	      0.477914	      0.837785	       6.72102
          0.91	      0.482502	      0.845773	       6.93509
         0.912	      0.487131	      0.853752	       7.15206
         0.914	      0.491799	      0.861721	       7.37192
         0.916	      0.496508	       0.86968	       7.59466
         0.918	      0.501257	      0.877629	       7.82028
          0.92	      0.506045	      0.885568	       8.04875
         0.922	      0.510873	      0.893497	       8.28006
         0.924	       0.51574	      0.901416	        8.5142
         0.926	      0.520646	      0.909324	       8.75114
         0.928	      0.525592	      0.917221	       8.99086
          0.93	      0.530576	      0.925108	       9.23333
         0.932	      0.535599	      0.932983	       9.47853
         0.934	      0.540661	      0.940848	       9.72643
         0.936	      0.545762	      0.948702	       9.97699
         0.938	      0.550901	      0.956544	       10.2302
          0.94	      0.556078	      0.964376	       10.4859
         0.942	      0.561294	      0.972196	       10.7442
         0.944	      0.566548	      0.980004	       11.0051
         0.946	      0.571841	      0.987802	       11.2683
         0.948	      0.577171	      0.995588	        11.534
          0.95	       0.58254	       1.00336	        11.802
         0.952	      0.587947	       1.01113	       12.0722
         0.954	      0.593393	       1.01888	       12.3447
         0.956	      0.598877	       1.02662	       12.6193
         0.958	      0.604399	       1.03434	       12.8961
          0.96	       0.60996	       1.04206	       13.1748
         0.962	      0.615559	       1.04977	       13.4554
         0.964	      0.621197	       1.05746	       13.7379
         0.966	      0.626873	       1.06514	       14.0221
         0.968	      0.632589	       1.07281	       14.3079
          0.97	      0.638343	       1.08047	       14.5953
         0.972	      0.644137	       1.08811	       14.8842
         0.974	       0.64997	       1.09575	       15.1744
         0.976	      0.655843	       1.10337	       15.4659
         0.978	      0.661755	       1.11098	       15.7585
          0.98	      0.667708	       1.11858	       16.0521
         0.982	      0.673701	       1.12616	       16.3465
         0.984	      0.679734	       1.13374	       16.6417
         0.986	      0.685809	        1.1413	       16.9375
         0.988	      0.691924	       1.14885	       17.2338
          0.99	      0.698081	       1.15638	       17.5304
         0.992	       0.70428	       1.16391	       17.8272
         0.994	      0.710521	       1.17141	        18.124
         0.996	      0.716804	       1.17891	       18.4207
         0.998	      0.723131	       1.18639	       18.7171
